ü===VERIFY_START===,VEC=0,LABEL=0
FEATURES_0,0.02089798,0.02503438,0.08666992,0.00979347,0.03039551,0.17117788,0.03571797,0.05095813,0.17126465,0.75279188,0.03952026,0.03757985,0.06244217,0.07470454,0.28332520,0.00480303,0.08535767,1.06856906,1.08306062,1.55257857,5.66412210,0.59100586,1.31297708,1.17976463,1.46892631
FEATURES_1,2.10967422,6.07633591,0.74343783,1.96564889,1.48825598,0.20883375,0.28384486,1.05343509,0.00857254,0.27480924,1.82359982,0.06123936,0.07228016,0.28288692,1.08284545,0.66373003,0.76371062,2.46136379,2.63292027,0.14228232,-0.18219012,-0.12388696,0.02279307,0.62295979,0.55280566
STAT_INT8,-64,-60,-64,-54,-62,-72,-62,-58,-58,-35,-66,-67,-44,-43,-43,-54,-44,-3,-65,-58,-62,-39,-67,-66,-61,-50,-61,-5,-61,-64,-67,-58,-66,-58,-67,-58,-43,-42,-41,-15,-64,-61,-65,-64,-34,-63,-59,-52,-62,-57
TS_INT8_0,-5,-6,0,-4,-13,-15,-5,-6,0,4,-19,-16,-5,-6,0,-8,-9,-15,-5,-6,0,2,-14,-17,-5,-6,0,-7,-6,-15,-5,-6,0,2,-18,-16,-5,-6,0,-2,-3,-16,-5,-6,0,0,-13,-16,-5,-6,0,-3,-8,-16,-5,-6,0,3,-4,-16,-5,-6,0,-3,-14,-15,-5,-6,0,-5,-5,-15,-5,-6,0,6,-2,-17,-5,-6,0,-12,-7,-14,-5,-6,0,11,-9,-18,-5,-6,-1,-6,1,-15,-5,-6,0,4
TS_INT8_1,-20,-17,-5,-6,-1,3,10,-17,-5,-6,0,-6,-17,-16,-5,-6,-1,5,4,-18,-5,-6,-1,-7,-5,-15,-5,-6,0,2,-6,-17,-5,-6,0,-9,1,-15,-5,-6,0,-3,-11,-16,-5,-6,-1,-5,5,-16,-5,-6,0,-4,-23,-15,-5,-6,0,-4,-23,-15,-5,-6,-1,-5,7,-15,-5,-6,0,-11,-10,-14,-5,-6,-1,-6,4,-16,-5,-6,0,-3,-14,-16,-5,-6,0,-4,-8,-16,-5,-6,0,-7,-7,-15,-5,-6
TS_INT8_2,0,-2,-2,-16,-5,-6,-1,-10,-7,-14,-5,-6,0,-1,-12,-16,-5,-6,-1,-2,3,-16,-5,-6,0,-14,-16,-13,-5,-6,-1,3,1,-17,-5,-6,0,-19,-11,-13,-5,-6,0,0,-9,-16,-5,-6,-1,-11,-3,-14,-5,-6,0,-4,-17,-15,-5,-6,-1,-3,1,-15,-5,-6,-1,-11,-10,-14,-5,-6,-1,-1,4,-16,-5,-6,0,-12,-13,-13,-5,-6,-1,1,-4,-16,-5,-6,-1,-7,-7,-15,-5,-6,0,-4,-5,-15
INFERENCE,0,80
===VERIFY_END===
===VERIFY_START===,VEC=1,LABEL=0
FEATURES_0,0.01434640,0.01438188,0.05932617,0.00572811,0.02197266,0.25025043,0.01921468,0.02700245,0.09326172,0.88431060,0.02966309,0.01934018,0.02806488,0.02559989,0.12829590,0.00418617,0.04043579,1.01489496,0.64891356,0.78735000,2.82442760,0.53783977,0.91984731,0.66349190,0.82059497
FEATURES_1,0.56768972,3.52671766,0.02403099,1.16030538,1.76374257,0.21800949,0.13678144,0.99236637,0.00789788,0.29771000,1.01334715,0.02672744,0.02453261,0.12303251,1.04547167,0.49514547,0.44430712,1.81301451,2.13959861,-0.52669787,-0.33230400,-0.23976773,0.13941927,2.55372953,1.69201469
STAT_INT8,-71,-71,-70,-58,-69,-42,-74,-71,-70,-27,-71,-79,-69,-70,-67,-62,-67,-62,-72,-70,-72,-42,-71,-73,-71,-74,-69,-72,-70,-60,-67,-70,-67,-58,-66,-63,-69,-70,-67,-58,-68,-69,-68,-67,-78,-73,-65,-48,-35,-53
TS_INT8_0,-5,-6,-1,-11,-9,-13,-5,-6,0,-1,-7,-14,-5,-6,-1,-9,-6,-12,-5,-6,-1,-9,-6,-12,-5,-6,-1,-6,-1,-13,-5,-6,-1,-8,-1,-13,-5,-6,-1,-3,-6,-13,-5,-6,-1,-5,-4,-13,-5,-6,0,-4,0,-13,-5,-6,-1,-7,2,-12,-5,-6,0,-4,-1,-12,-5,-6,0,-4,-1,-12,-5,-6,-1,-4,4,-12,-5,-6,-1,-10,2,-11,-5,-6,0,-2,3,-12,-5,-6,-1,-10,0,-10,-5,-6,-1,-4
TS_INT8_1,4,-11,-5,-6,-1,-7,6,-11,-5,-6,-1,-12,1,-10,-5,-6,-1,-1,7,-12,-5,-6,-1,-9,2,-10,-5,-6,-1,-3,4,-11,-5,-6,-1,-5,4,-11,-5,-6,-1,-6,4,-11,-5,-6,-1,-4,6,-11,-5,-6,-1,-5,6,-11,-5,-6,-1,-3,1,-11,-5,-6,-1,-4,4,-11,-5,-6,-1,-2,5,-12,-5,-6,-1,-4,7,-11,-5,-6,-1,-3,4,-12,-5,-6,-1,-3,5,-12,-5,-6,-1,-1,3,-12,-5,-6
TS_INT8_2,-1,-1,3,-12,-5,-6,-1,-8,7,-11,-5,-6,-1,-1,6,-12,-5,-6,0,-7,-1,-11,-5,-6,0,-2,2,-11,-5,-6,-1,-7,9,-11,-5,-6,-1,-11,4,-10,-5,-6,-1,-5,7,-11,-5,-6,-1,-12,-2,-9,-5,-6,0,-4,1,-10,-5,-6,0,-12,7,-9,-5,-6,-1,-9,9,-9,-5,-6,-1,-4,3,-10,-5,-6,-1,-5,0,-9,-5,-6,-1,3,6,-11,-5,-6,-1,-5,6,-9,-5,-6,-1,0,8,-10
INFERENCE,0,33
===VERIFY_END===
===VERIFY_START===,VEC=2,LABEL=1
FEATURES_0,0.02271657,0.01830307,0.09448242,0.00705523,0.03399658,0.20241158,0.05097109,0.07010075,0.18725586,0.69845742,0.06854248,0.05183716,0.02587582,0.02351722,0.11596680,0.00412423,0.04104614,1.02042592,1.98419011,1.91587436,8.04580116,0.27905333,2.43893147,2.11445379,1.37730873
FEATURES_1,0.97554147,6.36641216,0.21712399,2.18702292,1.37746990,0.49683440,0.34304416,2.13740468,0.03037038,0.72137403,1.07363105,0.02634977,0.02223553,0.11794376,1.04159796,0.97749257,1.19331670,3.77571678,2.74244809,-0.02346202,-0.21325184,-0.24516344,-0.19086342,0.73773688,1.62094855
STAT_INT8,-62,-67,-63,-56,-59,-60,-50,-48,-56,-38,-51,-57,-70,-71,-69,-62,-67,-56,-52,-53,-53,-60,-55,-53,-62,-68,-60,-54,-59,-66,-53,-53,-51,-52,-53,-63,-69,-71,-68,-62,-57,-50,-59,-64,-45,-65,-65,-61,-60,-53
TS_INT8_0,-5,-6,-1,9,0,-3,-5,-6,-1,5,-14,-1,-5,-6,-1,14,-6,-3,-5,-6,0,-4,-3,0,-5,-6,-1,6,1,-2,-5,-6,-1,6,-3,-2,-5,-6,-1,0,-12,-1,-5,-6,-1,13,-7,-3,-5,-5,-1,-12,-11,1,-5,-6,-1,9,-2,-2,-5,-5,-1,-1,-2,0,-5,-6,-1,-3,-11,0,-5,-6,-1,16,0,-3,-5,-6,-1,-11,-6,2,-5,-6,-1,4,-2,-1,-5,-6,-1,5,1,-1,-5,-6,0,-3
TS_INT8_1,-13,0,-5,-6,-1,12,5,-3,-5,-6,-1,-6,2,1,-5,-6,-1,3,1,-1,-5,-6,-1,2,1,-1,-5,-6,-1,-8,-1,1,-5,-6,-1,5,7,-2,-5,-6,-1,-8,-1,0,-5,-6,0,-2,-8,0,-5,-6,-1,-2,0,0,-5,-6,-1,-21,1,3,-5,-6,-1,-8,6,1,-5,-6,-1,-27,-1,4,-5,-6,-1,-14,-6,2,-5,-6,-1,-16,-2,1,-5,-6,-1,-16,-2,1,-5,-6,0,-26,-3,2,-5,-6
TS_INT8_2,-1,-13,5,-1,-5,-6,0,-22,-9,0,-5,-6,0,-5,-10,-4,-5,-6,-1,-11,-4,-3,-5,-6,-1,-6,-9,-4,-5,-5,0,2,-9,-6,-5,-6,0,-2,-12,-5,-5,-6,0,11,-12,-7,-5,-6,-1,1,-10,-5,-5,-6,0,14,-12,-7,-5,-6,-1,5,-13,-4,-5,-6,-1,10,-20,-3,-5,-6,-1,9,-16,-2,-5,-6,-1,-7,-14,2,-5,-6,-1,0,-17,1,-5,-6,-1,-8,-19,4,-5,-6,0,-7,-26,4
INFERENCE,1,97
===VERIFY_END===
===VERIFY_START===,VEC=3,LABEL=1
FEATURES_0,0.03568133,0.04081383,0.14172363,0.00699943,0.05346680,0.27220708,0.06590005,0.08201879,0.28259277,0.30952799,0.09017944,0.08463607,0.05323667,0.05520069,0.26354980,0.00454941,0.06433105,1.02464557,1.86024714,2.30316257,8.61068726,0.52248132,2.59541988,1.92814565,1.66862857
FEATURES_1,1.59432924,6.25954199,0.27403653,3.00381684,1.66871011,1.29714143,0.35301450,4.39694691,0.00339305,2.54198456,11.52756500,0.05112014,0.04910390,0.23172563,1.06355941,1.27059686,0.37579018,4.18241215,11.80623055,0.24425025,-0.16914593,-0.49100357,-0.29419661,1.72815621,5.69745159
STAT_INT8,-48,-44,-53,-56,-42,-34,-39,-42,-41,-63,-40,-35,-51,-54,-46,-57,-55,-51,-54,-47,-52,-43,-53,-56,-57,-58,-60,-49,-50,-62,-14,-52,-21,-60,1,1,-50,-55,-49,-37,-51,-71,-57,-7,-27,-63,-78,-65,-46,-37
TS_INT8_0,-5,-6,-1,-21,-18,-55,-5,-6,0,-2,-20,-59,-4,-6,-1,-10,-9,-59,-5,-6,0,-17,-15,-59,-5,-6,-1,-10,4,-62,-4,-6,-1,-11,-2,-62,-5,-6,-1,3,-13,-64,-5,-6,-1,-4,-15,-63,-5,-6,0,-2,-13,-63,-5,-6,-1,-13,5,-61,-4,-7,-1,-16,11,-61,-4,-6,-1,-8,-5,-61,-5,-6,0,-22,-14,-59,-5,-6,0,-22,-14,-59,-5,-7,-1,5,-17,-63,-5,-6,-1,-6,-19,-60,-5,-6,-1,-18
TS_INT8_1,-7,-58,-5,-6,-1,-4,2,-60,-5,-6,-1,-15,-3,-59,-5,-7,0,3,-16,-62,-5,-6,-1,-3,-2,-62,-5,-6,-1,-25,-3,-58,-5,-7,-1,-11,1,-61,-5,-6,0,-12,-13,-61,-5,-6,-1,-17,-12,-61,-5,-7,0,-12,-15,-62,-5,-6,0,-13,-7,-63,-4,-6,0,-36,9,-62,-4,-7,-1,-8,5,-68,-4,-6,-1,-3,-14,-70,-5,-7,0,-12,-12,-69,-4,-6,0,7,2,-72,-5,-6,-1,-20,6,-70,-5,-7
TS_INT8_2,0,2,6,-75,-4,-6,0,-2,2,-75,-5,-6,0,-2,-10,-75,-4,-6,-1,10,2,-76,-4,-7,-1,-5,-3,-75,-4,-6,0,0,-4,-77,-5,-6,0,-15,0,-75,-5,-7,-1,7,-4,-78,-4,-6,-1,-8,-17,-75,-4,-7,0,-2,-7,-75,-4,-6,0,-10,5,-74,-4,-6,-1,-20,1,-74,-5,-7,0,9,-22,-77,-5,-6,0,-3,-16,-74,-5,-7,-1,-19,1,-72,-4,-6,-1,1,7,-74,-5,-6,-1,-24,-12,-69
INFERENCE,1,61
===VERIFY_END===
===VERIFY_START===,VEC=4,LABEL=1
FEATURES_0,0.04410211,0.02192532,0.16967773,0.00624056,0.06259155,0.21665291,0.05201152,0.07607472,0.20202637,0.42740318,0.08065796,0.06590382,0.02831947,0.02999691,0.13586426,0.00424508,0.03549194,1.02007103,1.86001527,2.22495747,7.22137403,0.52524424,2.18702269,1.88189101,1.45050371
FEATURES_1,1.15905905,5.38931274,0.13180624,2.38167953,1.45439065,0.35380617,0.40317807,1.46564877,0.01172440,0.45801532,2.14450192,0.02557457,0.02794017,0.12079459,1.04490507,0.68421394,0.72627097,2.78984070,3.20244503,0.05334860,-0.24766795,-0.17680283,0.04486275,1.05381715,1.46482766
STAT_INT8,-38,-63,-47,-57,-34,-55,-50,-45,-54,-56,-45,-48,-69,-67,-66,-61,-70,-56,-54,-48,-56,-43,-58,-57,-61,-65,-63,-62,-56,-65,-60,-48,-60,-57,-61,-56,-70,-68,-68,-58,-64,-62,-63,-61,-40,-68,-62,-51,-56,-54
TS_INT8_0,-5,-6,-1,-10,5,-16,-5,-6,-1,-8,8,-16,-5,-5,-1,-25,-1,-14,-5,-6,-1,-3,8,-18,-5,-5,-1,-11,-3,-15,-5,-6,-1,-21,1,-14,-5,-6,-1,1,10,-18,-4,-5,-1,-26,3,-14,-5,-6,-1,-9,2,-18,-5,-6,-1,-16,6,-16,-5,-6,-1,-24,-2,-14,-5,-6,-1,-6,-1,-17,-5,-6,0,-15,-6,-17,-4,-5,-1,-11,3,-19,-5,-6,-1,-18,2,-18,-5,-6,-1,-5,0,-20,-5,-6,-1,-11
TS_INT8_1,-15,-19,-5,-6,0,4,-13,-21,-5,-6,-1,-11,-6,-19,-5,-6,-1,-11,1,-19,-5,-5,-1,-11,-1,-18,-5,-6,-1,-10,-14,-18,-5,-6,-1,7,-18,-21,-5,-6,-1,-23,-12,-16,-5,-6,-1,-9,-5,-18,-5,-6,-1,-10,-8,-17,-5,-6,-1,-17,-15,-16,-5,-6,-1,-3,-8,-18,-5,-6,-1,-19,-6,-15,-5,-6,-1,-7,-10,-17,-5,-6,-1,-4,-12,-17,-5,-6,0,-10,-19,-15,-5,-6,-1,3,-5,-18,-5,-6
TS_INT8_2,-1,-20,-5,-14,-5,-6,-1,3,-9,-18,-5,-5,-1,-6,-13,-16,-5,-5,-1,-6,-13,-16,-5,-6,0,-8,-17,-15,-5,-6,0,7,-6,-19,-5,-6,-1,-23,-2,-15,-5,-6,0,6,-4,-19,-5,-5,-1,-12,-6,-15,-5,-6,-1,3,-17,-17,-5,-6,0,7,-14,-18,-5,-6,0,-9,-5,-16,-5,-6,-1,0,8,-18,-5,-6,-1,-1,-4,-18,-5,-6,-1,12,-17,-20,-5,-6,0,12,-14,-20,-5,-6,0,7,-1,-20
INFERENCE,1,92
===VERIFY_END===
